# step, loss_train, loss_test, metrics_test
0.000000000000000000e+00 2.655416168272495270e-02 9.781770408153533936e-03 6.968508940190076828e-03 3.544194936752319336e+00 2.854745090007781982e-01 2.655416168272495270e-02 9.781770408153533936e-03 6.968508940190076828e-03 3.544194936752319336e+00 2.854745090007781982e-01
1.000000000000000000e+03 2.320476807653903961e-03 1.513932133093476295e-03 8.116521639749407768e-04 2.487481012940406799e-02 4.885109141469001770e-02 2.320476807653903961e-03 1.513932133093476295e-03 8.116521639749407768e-04 2.487481012940406799e-02 4.885109141469001770e-02
2.000000000000000000e+03 1.686561503447592258e-03 2.366150496527552605e-03 9.439353016205132008e-04 1.680331677198410034e-02 3.292130678892135620e-02 1.686561503447592258e-03 2.366150496527552605e-03 9.439353016205132008e-04 1.680331677198410034e-02 3.292130678892135620e-02
3.000000000000000000e+03 1.644364674575626850e-03 2.706995233893394470e-03 1.041792682372033596e-03 1.279567554593086243e-02 2.928961999714374542e-02 1.644364674575626850e-03 2.706995233893394470e-03 1.041792682372033596e-03 1.279567554593086243e-02 2.928961999714374542e-02
4.000000000000000000e+03 1.591245410963892937e-03 2.835589461028575897e-03 7.473828736692667007e-04 1.027347706258296967e-02 2.025800198316574097e-02 1.591245410963892937e-03 2.835589461028575897e-03 7.473828736692667007e-04 1.027347706258296967e-02 2.025800198316574097e-02
5.000000000000000000e+03 2.008435083553195000e-03 2.982286270707845688e-03 7.680943817831575871e-04 6.408225744962692261e-03 9.102202020585536957e-03 2.008435083553195000e-03 2.982286270707845688e-03 7.680943817831575871e-04 6.408225744962692261e-03 9.102202020585536957e-03
6.000000000000000000e+03 1.867807353846728802e-03 2.565987408161163330e-03 7.110961014404892921e-04 4.295811988413333893e-03 5.281852092593908310e-03 1.867807353846728802e-03 2.565987408161163330e-03 7.110961014404892921e-04 4.295811988413333893e-03 5.281852092593908310e-03
7.000000000000000000e+03 1.763806096278131008e-03 2.411069581285119057e-03 5.880979588255286217e-04 3.312112297862768173e-03 3.891930216923356056e-03 1.763806096278131008e-03 2.411069581285119057e-03 5.880979588255286217e-04 3.312112297862768173e-03 3.891930216923356056e-03
8.000000000000000000e+03 1.829810673370957375e-03 2.362686907872557640e-03 5.054711364209651947e-04 2.788851270452141762e-03 3.634039312601089478e-03 1.829810673370957375e-03 2.362686907872557640e-03 5.054711364209651947e-04 2.788851270452141762e-03 3.634039312601089478e-03
9.000000000000000000e+03 1.686865347437560558e-03 2.267295494675636292e-03 4.029293486382812262e-04 2.493914449587464333e-03 2.749000210314989090e-03 1.686865347437560558e-03 2.267295494675636292e-03 4.029293486382812262e-04 2.493914449587464333e-03 2.749000210314989090e-03
1.000000000000000000e+04 1.671785255894064903e-03 2.220737747848033905e-03 3.578279865905642509e-04 2.320321509614586830e-03 2.462965669110417366e-03 1.671785255894064903e-03 2.220737747848033905e-03 3.578279865905642509e-04 2.320321509614586830e-03 2.462965669110417366e-03
1.000000000000000000e+04 1.671785255894064903e-03 2.220737747848033905e-03 3.578279865905642509e-04 2.320321509614586830e-03 2.462965669110417366e-03 1.671785255894064903e-03 2.220737747848033905e-03 3.578279865905642509e-04 2.320321509614586830e-03 2.462965669110417366e-03
1.100000000000000000e+04 1.523534301668405533e-03 2.019016537815332413e-03 2.896906516980379820e-04 1.689238357357680798e-03 1.562010962516069412e-03 1.523534301668405533e-03 2.019016537815332413e-03 2.896906516980379820e-04 1.689238357357680798e-03 1.562010962516069412e-03
1.200000000000000000e+04 1.440208987332880497e-03 1.964560709893703461e-03 2.548921038396656513e-04 1.492443378083407879e-03 1.368924044072628021e-03 1.440208987332880497e-03 1.964560709893703461e-03 2.548921038396656513e-04 1.492443378083407879e-03 1.368924044072628021e-03
1.300000000000000000e+04 1.401674584485590458e-03 1.907613710500299931e-03 2.375009207753464580e-04 1.400009146891534328e-03 1.273997128009796143e-03 1.401674584485590458e-03 1.907613710500299931e-03 2.375009207753464580e-04 1.400009146891534328e-03 1.273997128009796143e-03
1.400000000000000000e+04 1.370862009935081005e-03 1.879504532553255558e-03 2.383229875704273582e-04 1.323965960182249546e-03 1.213318668305873871e-03 1.370862009935081005e-03 1.879504532553255558e-03 2.383229875704273582e-04 1.323965960182249546e-03 1.213318668305873871e-03
1.500000000000000000e+04 1.343685667961835861e-03 1.827905653044581413e-03 2.277479798067361116e-04 1.275086426176130772e-03 1.166350906714797020e-03 1.343685667961835861e-03 1.827905653044581413e-03 2.277479798067361116e-04 1.275086426176130772e-03 1.166350906714797020e-03
1.600000000000000000e+04 1.302685821428894997e-03 1.792628667317330837e-03 2.356322656851261854e-04 1.216676901094615459e-03 1.110215787775814533e-03 1.302685821428894997e-03 1.792628667317330837e-03 2.356322656851261854e-04 1.216676901094615459e-03 1.110215787775814533e-03
1.700000000000000000e+04 1.297325827181339264e-03 1.727119786664843559e-03 2.427927975077182055e-04 1.154652796685695648e-03 1.044776174239814281e-03 1.297325827181339264e-03 1.727119786664843559e-03 2.427927975077182055e-04 1.154652796685695648e-03 1.044776174239814281e-03
1.800000000000000000e+04 1.227252301760017872e-03 1.646285760216414928e-03 2.489009930286556482e-04 1.087680226191878319e-03 9.930101223289966583e-04 1.227252301760017872e-03 1.646285760216414928e-03 2.489009930286556482e-04 1.087680226191878319e-03 9.930101223289966583e-04
1.900000000000000000e+04 1.152910990640521049e-03 1.522564794868230820e-03 2.594352990854531527e-04 1.010336680337786674e-03 9.238838101737201214e-04 1.152910990640521049e-03 1.522564794868230820e-03 2.594352990854531527e-04 1.010336680337786674e-03 9.238838101737201214e-04
2.000000000000000000e+04 1.047066296450793743e-03 1.385923591442406178e-03 2.745359961409121752e-04 9.118962916545569897e-04 8.605329203419387341e-04 1.047066296450793743e-03 1.385923591442406178e-03 2.745359961409121752e-04 9.118962916545569897e-04 8.605329203419387341e-04
2.100000000000000000e+04 9.099448216147720814e-04 1.232328009791672230e-03 2.570520446170121431e-04 8.385068504139780998e-04 8.147141197696328163e-04 9.099448216147720814e-04 1.232328009791672230e-03 2.570520446170121431e-04 8.385068504139780998e-04 8.147141197696328163e-04
2.200000000000000000e+04 8.081570267677307129e-04 1.110475743189454079e-03 2.412248140899464488e-04 7.746667251922190189e-04 7.725649629719555378e-04 8.081570267677307129e-04 1.110475743189454079e-03 2.412248140899464488e-04 7.746667251922190189e-04 7.725649629719555378e-04
2.300000000000000000e+04 7.223538705147802830e-04 1.010041683912277222e-03 2.288319519720971584e-04 7.317060371860861778e-04 7.466312963515520096e-04 7.223538705147802830e-04 1.010041683912277222e-03 2.288319519720971584e-04 7.317060371860861778e-04 7.466312963515520096e-04
2.400000000000000000e+04 6.615397287532687187e-04 9.372942731715738773e-04 2.058389072772115469e-04 6.994309951551258564e-04 7.122528622858226299e-04 6.615397287532687187e-04 9.372942731715738773e-04 2.058389072772115469e-04 6.994309951551258564e-04 7.122528622858226299e-04
2.500000000000000000e+04 6.073879194445908070e-04 8.634282858110964298e-04 1.897381298476830125e-04 6.697201752103865147e-04 6.888743373565375805e-04 6.073879194445908070e-04 8.634282858110964298e-04 1.897381298476830125e-04 6.697201752103865147e-04 6.888743373565375805e-04
